NO(ppb),NO2(ppb),CO2(ppm),CO(ppm),CH4(ppm),Pressure,Temperature,Humidity,WindSpeed,WindDirections,TrafficCounts,DieselCounts,GasselCounts
82.335,65.942,470.510,0.840,1.754,100.8,30.2,23.8,1.393,166.985,18,12,6
82.234,72.393,469.942,0.842,1.745,100.8,30.04,23.4,2.160,180.000,15,11,3
102.912,60.292,476.904,0.754,1.738,100.8,30.1,23.4,1.994,197.655,22,10,9
74.728,69.718,470.727,0.832,1.725,100.8,30,23,1.855,207.471,22,12,8
72.328,62.742,470.950,0.844,1.736,100.8,30.1,23,2.669,189.742,12,4,7
81.913,63.285,470.205,0.838,1.732,100.8,29.92,23,2.809,194.196,17,6,11
73.849,65.338,471.506,0.846,1.734,100.8,29.98,23.2,3.100,192.692,23,9,11
80.297,67.212,472.523,0.838,1.742,100.8,30.06,23,2.867,188.598,16,8,7
75.156,66.806,469.836,0.850,1.740,100.8,30.1,23,3.381,184.024,17,9,8
89.983,64.310,475.300,0.817,1.748,100.8,30.1,24,2.646,184.645,13,10,3
100.507,66.194,479.816,0.830,1.736,100.8,30,23.2,3.221,194.028,36,11,24
90.831,64.988,477.008,0.813,1.742,100.8,29.96,24,3.059,197.621,25,11,14
88.753,61.070,472.130,0.862,1.752,100.8,29.94,24,2.057,183.414,13,11,2
81.302,65.782,470.012,0.820,1.747,100.8,29.8,23.6,2.600,180.000,13,7,6
94.410,73.230,474.384,0.832,1.754,100.8,29.84,23.6,1.888,173.016,13,3,10
82.821,68.585,468.678,0.863,1.740,100.8,29.8,23.8,1.960,180.000,10,2,8
89.426,57.044,472.200,0.826,1.754,100.8,29.76,24.4,2.255,198.607,18,8,9
109.976,62.560,477.880,0.823,1.790,100.8,29.76,25.2,2.095,226.047,18,10,8
104.444,72.262,469.984,0.866,1.790,100.8,29.66,25.4,2.460,202.500,16,7,9
114.550,69.933,476.243,0.808,1.813,100.8,29.54,25.8,1.717,233.198,17,11,5
112.013,72.288,475.420,0.824,1.796,100.8,29.54,25.4,2.040,202.500,19,11,6
130.531,60.320,481.050,0.765,1.793,100.8,29.56,25.8,1.953,218.936,18,4,14
116.370,67.284,479.822,0.820,1.788,100.8,29.48,25.2,2.604,230.058,22,6,15
101.731,71.280,474.862,0.818,1.772,100.8,29.36,25,2.064,222.449,23,10,10
110.664,70.794,477.802,0.810,1.776,100.8,29.28,25,2.969,221.453,22,8,13
105.184,63.773,472.878,0.853,1.772,100.8,29.14,25,2.919,240.823,19,10,8
107.528,64.686,475.962,0.784,1.762,100.8,29,25,2.643,230.149,23,14,9
114.272,62.792,471.807,0.833,1.753,100.8,29.02,25,2.262,225.581,20,7,12
101.511,79.966,470.698,0.854,1.760,100.8,28.98,25,2.705,229.707,16,9,6
84.614,63.650,466.478,0.857,1.752,100.8,28.96,24.8,2.273,222.878,10,6,4
87.978,64.416,468.440,0.852,1.744,100.8,28.96,24.4,2.020,225.000,11,5,6
95.943,62.375,468.938,0.835,1.752,100.8,28.88,25,2.482,230.058,17,7,9
107.399,66.572,473.268,0.798,1.740,100.8,28.72,25,2.600,225.000,21,11,9
102.876,65.095,467.828,0.868,1.757,100.8,28.78,25,2.061,211.472,23,17,6
113.559,68.944,473.322,0.832,1.760,100.8,28.8,25.2,2.560,225.000,20,11,8
110.260,72.532,469.917,0.833,1.758,100.8,28.74,25.6,1.905,194.185,18,6,12
106.558,67.704,470.038,0.798,1.758,100.8,28.74,25.2,2.280,225.000,15,6,9
110.678,66.302,472.773,0.818,1.763,100.8,28.76,25.4,1.738,229.546,12,7,5
110.244,71.908,476.224,0.788,1.766,100.8,28.86,26,2.160,226.421,23,14,8
97.454,71.703,476.500,0.807,1.778,100.8,28.8,26,2.101,224.791,14,4,9
119.413,58.706,488.036,0.796,1.772,100.8,28.68,26,2.531,236.868,19,8,11
101.504,67.133,478.998,0.820,1.782,100.8,28.52,26.2,2.141,233.429,20,12,8
113.618,71.176,479.852,0.770,1.776,100.78,28.5,26,2.315,228.792,12,6,5
105.937,71.700,478.548,0.793,1.778,100.72,28.5,26,2.155,229.073,11,6,5
111.521,67.418,477.476,0.816,1.762,100.7,28.4,26,2.511,229.020,27,12,15
114.987,71.693,478.282,0.803,1.775,100.7,28.32,26,2.035,229.313,18,8,10
101.744,66.850,476.118,0.810,1.772,100.7,28.38,26,1.533,228.721,16,4,11
117.244,64.643,478.017,0.772,1.778,100.7,28.32,26,1.744,227.516,13,4,8
94.705,74.566,471.898,0.852,1.768,100.7,28.32,26,1.878,226.634,17,12,4
124.879,74.285,478.240,0.817,1.777,100.7,28.34,26.2,2.200,247.500,17,8,9
105.584,63.546,471.734,0.838,1.774,100.7,28.3,26,2.220,225.000,15,5,10
113.444,74.655,473.865,0.828,1.763,100.74,28.26,26,2.440,225.000,22,8,14
99.097,66.588,471.286,0.846,1.768,100.8,28.12,26.4,2.120,221.896,22,11,10
107.128,61.340,479.483,0.727,1.790,100.8,28.06,26.8,2.173,220.556,23,11,12
117.551,62.430,474.544,0.834,1.790,100.8,28,27,1.515,231.671,22,9,12
130.731,70.403,475.248,0.792,1.798,100.78,27.98,27,2.054,229.487,13,3,9
113.285,59.236,470.768,0.836,1.796,100.8,27.8,27,2.189,230.418,19,11,8
124.894,68.163,474.960,0.827,1.798,100.74,27.78,27.4,1.878,226.634,27,12,15
113.062,65.528,471.586,0.838,1.800,100.78,27.62,28,2.366,219.618,21,10,10
119.641,71.402,471.920,0.857,1.792,100.8,27.5,28,2.000,225.000,17,2,14
114.500,69.774,471.888,0.798,1.802,100.8,27.4,28,1.659,229.498,17,3,14
142.223,74.407,476.693,0.812,1.802,100.8,27.32,28,1.526,228.164,14,5,7
135.822,64.616,479.308,0.728,1.796,100.8,27.32,28,1.805,214.741,18,6,12
141.318,73.073,478.490,0.768,1.797,100.8,27.3,28,1.500,227.047,17,11,6
147.475,79.986,479.988,0.758,1.790,100.8,27.34,28,1.020,211.997,16,12,3
127.587,70.552,476.083,0.765,1.793,100.8,27.18,28,1.184,229.819,21,8,10
129.147,71.518,483.318,0.664,1.796,100.8,27.1,28.4,1.126,220.714,18,9,8
152.428,72.985,487.483,0.750,1.803,100.8,27.1,29,0.692,233.910,22,9,13
117.933,71.730,479.386,0.752,1.798,100.8,27,29,0.844,223.440,12,5,7
130.619,65.925,483.790,0.737,1.803,100.8,26.78,29.2,0.902,214.741,17,7,8
146.556,70.224,481.146,0.774,1.814,100.8,26.7,29.8,0.885,240.547,20,9,11
162.492,63.755,479.782,0.775,1.820,100.8,26.36,30.4,0.784,230.601,15,8,6
136.711,72.054,479.570,0.756,1.822,100.8,26.2,31,0.351,226.629,13,6,7
142.346,77.548,479.833,0.788,1.912,100.8,26.2,31,0.513,212.670,24,7,16
133.699,68.024,482.554,0.752,1.812,100.8,26.3,30,0.464,207.742,22,14,7
142.755,75.088,477.855,0.788,1.813,100.8,26.34,30,0.282,245.032,12,5,6
149.839,77.016,482.848,0.756,1.928,100.8,26.14,31,0.130,239.752,9,4,4
148.241,70.180,488.020,0.778,2.030,100.8,25.94,31,0.155,275.242,12,10,1
173.732,70.216,497.608,0.728,2.064,100.8,25.9,31.6,0.154,278.128,12,3,8
182.155,78.905,493.858,0.730,2.063,100.8,25.72,32,0.020,315.000,17,11,6
152.164,76.260,485.024,0.762,2.036,100.8,25.36,32.2,0.000,0.000,13,6,6
141.132,68.952,485.677,0.752,2.045,100.8,25.14,33,0.000,0.000,15,6,9
183.042,83.814,488.086,0.748,2.040,100.8,24.98,33.6,0.020,292.500,17,11,6
187.098,72.778,494.477,0.722,2.028,100.8,25.2,32.4,0.375,252.181,18,9,8
182.883,68.810,497.548,0.732,2.030,100.8,25.5,32,0.275,229.303,12,7,5
186.757,68.236,502.110,0.666,2.002,100.8,25.5,32.2,0.137,238.316,22,14,7
193.732,73.982,500.750,0.718,2.042,100.8,25.44,32.6,0.315,240.516,13,6,7
188.004,76.664,498.566,0.580,2.054,100.8,25.3,33.4,0.635,182.765,9,5,3
197.328,73.453,492.332,0.610,2.072,100.8,25.3,34.6,0.300,231.282,13,6,7
187.695,78.240,488.990,0.706,2.070,100.8,25.1,34.8,0.257,266.591,15,5,9
211.793,79.213,499.980,0.723,2.083,100.8,24.9,36.2,0.291,249.400,17,10,7
220.261,87.708,502.746,0.686,2.068,100.8,24.92,34.8,0.186,222.643,19,11,8
172.388,78.940,490.292,0.722,2.047,100.82,24.88,34.4,0.308,237.923,16,9,6
197.315,81.314,497.410,0.728,2.052,100.9,24.8,34.6,0.356,245.035,11,7,4
180.511,84.240,502.705,0.747,2.065,100.9,24.74,34,0.253,263.042,10,2,8
210.796,85.664,524.060,0.720,2.100,100.9,24.62,35.2,0.040,270.000,9,3,5
199.968,96.107,534.933,0.745,2.122,100.9,24.18,36.4,0.000,0.000,11,4,6
200.118,110.126,540.932,0.770,2.142,100.9,23.5,37.6,0.099,85.556,12,8,4
188.213,92.157,542.828,0.750,2.140,100.9,23.08,39,0.040,90.000,17,9,7
188.532,98.996,537.770,0.750,2.132,100.9,22.66,40,0.000,0.000,6,1,4
173.862,80.017,512.427,0.718,2.120,100.9,22.56,40,0.000,0.000,10,7,3
167.328,83.894,510.636,0.708,2.126,100.9,22.64,39.4,0.000,0.000,14,10,4
161.111,85.940,512.077,0.738,2.125,100.9,22.52,40,0.039,56.250,16,8,8
166.606,86.842,521.854,0.742,2.136,100.9,22.3,40.4,0.020,45.000,13,7,6
143.676,77.718,505.513,0.740,2.115,100.9,22.3,40.8,0.000,0.000,10,6,4
144.410,70.682,496.424,0.682,2.116,100.9,22.54,40,0.000,0.000,11,5,5
54.754,53.742,497.972,0.628,1.822,100.8,28.3,31.4,0.935,259.678,13,8,5
65.850,35.753,495.153,0.668,1.833,100.8,28.5,31,1.476,285.648,16,7,8
63.604,69.250,488.946,0.678,1.808,100.8,28.42,30.4,1.624,269.730,17,11,6
56.035,58.585,492.352,0.690,1.807,100.8,28.52,30.4,1.403,274.381,14,9,5
49.015,38.324,487.360,0.726,1.782,100.8,28.64,28.4,1.737,287.698,16,6,9
66.181,35.058,492.136,0.720,1.792,100.8,29.02,28.2,1.357,277.128,8,5,2
75.306,52.197,493.480,0.733,1.792,100.8,29.38,28,1.080,284.355,14,7,5
70.233,33.702,497.874,0.738,1.788,100.8,29.7,27.6,0.716,306.397,15,9,5
51.780,32.670,492.795,0.740,1.753,100.8,30.28,24.6,1.577,285.986,22,9,12
50.417,29.815,494.302,0.734,1.750,100.8,30.14,24.8,1.347,279.485,25,14,11
50.649,21.505,493.455,0.778,1.713,100.8,30.06,24,1.409,250.925,13,8,3
52.923,40.406,496.652,0.694,1.746,100.8,29.94,25,1.327,282.872,19,10,9
43.636,23.670,496.080,0.768,1.737,100.8,30.36,24.4,1.127,265.181,18,9,9
33.958,19.118,487.220,0.830,1.680,100.8,30.94,22.8,1.079,279.386,19,12,7
78.283,35.340,488.390,0.827,1.715,100.8,31.18,23,1.315,276.163,8,7,1
49.285,26.434,491.364,0.778,1.740,100.8,30.62,24.2,1.780,270.000,13,3,9
37.605,31.237,488.047,0.812,1.713,100.8,30.62,24,1.259,285.516,15,7,7
44.546,58.262,487.066,0.836,1.742,100.8,31.3,23.8,0.876,323.608,16,9,7
45.193,27.895,487.063,0.843,1.737,100.8,32,23,0.830,304.955,21,16,5
113.854,53.170,498.314,0.758,1.746,100.8,31.72,23.4,1.329,238.316,23,12,11
41.145,50.573,486.287,0.842,1.738,100.8,31.78,23,1.470,291.009,10,6,4
32.162,42.976,481.388,0.868,1.702,100.8,32.08,22,1.296,292.000,13,7,5
39.826,48.608,485.645,0.837,1.722,100.76,32.02,22.2,1.389,291.484,14,9,4
40.775,43.794,480.900,0.872,1.724,100.8,32.44,22,0.983,6.675,17,8,8
40.500,46.740,481.038,0.875,1.727,100.78,33.16,22,1.079,31.886,13,9,3
43.468,50.726,481.536,0.876,1.736,100.8,33.02,21.6,1.705,45.772,18,10,8
42.743,50.927,482.975,0.868,1.747,100.8,32.96,22,1.150,41.539,24,14,9
41.462,46.552,482.284,0.852,1.748,100.8,33.38,21.6,0.752,334.817,16,13,3
45.109,52.813,485.210,0.847,1.755,100.8,33.38,22,1.263,359.524,21,9,12
55.984,47.432,483.584,0.848,1.756,100.8,33.96,21.2,0.801,7.138,11,10,1
80.982,51.528,485.242,0.830,1.757,100.8,34.02,21,0.774,336.187,22,10,11
49.034,42.691,484.464,0.818,1.768,100.7,34.24,21.2,0.495,324.196,13,5,8
67.739,47.682,486.198,0.798,1.763,100.7,34.96,20.2,0.812,350.141,18,7,9
56.096,41.056,486.152,0.812,1.768,100.7,34.94,20.4,0.868,9.766,14,11,3
60.899,43.305,484.865,0.818,1.763,100.7,34.84,20.4,0.683,3.854,15,8,7
57.697,50.890,481.258,0.852,1.744,100.7,34.62,20.4,1.007,0.871,14,8,6
51.543,50.388,483.278,0.855,1.757,100.7,34.7,21,1.140,26.533,11,8,3
58.997,58.532,482.746,0.856,1.760,100.7,34.4,21,0.807,352.688,19,3,15
60.535,52.162,481.873,0.868,1.763,100.7,34.48,20.8,0.778,17.629,16,10,5
68.360,36.602,486.386,0.876,1.772,100.7,34.8,21,1.463,37.263,13,6,7
70.477,52.052,484.973,0.873,1.775,100.7,34.16,21.2,1.980,45.000,22,13,9
49.539,47.730,484.256,0.870,1.784,100.7,34.28,21.6,1.502,36.657,17,10,7
46.173,21.523,484.958,0.872,1.780,100.7,34.68,21,1.349,333.594,14,10,4
70.401,51.048,485.862,0.860,1.780,100.7,34.28,21.4,1.325,336.603,13,6,7
69.418,55.433,485.582,0.858,1.778,100.7,34.22,21.4,1.666,307.078,17,9,8
71.427,52.234,490.628,0.858,1.790,100.7,34.1,21.4,1.027,286.941,14,6,8
76.456,64.938,492.165,0.835,1.785,100.7,33.7,22,1.893,287.397,7,3,4
60.760,41.872,492.742,0.812,1.768,100.7,33.98,22,1.052,294.739,12,8,4
71.207,65.012,489.615,0.842,1.815,100.7,34.48,22,0.967,315.592,13,7,6
70.447,74.480,495.910,0.786,1.826,100.62,34.58,22,0.514,318.166,15,6,8
74.011,58.002,494.623,0.850,1.822,100.6,35.28,21,1.236,43.935,8,6,2
77.913,63.480,496.650,0.832,1.840,100.6,35.02,21.8,1.677,55.114,10,8,2
39.095,35.415,497.290,0.845,1.820,100.6,35.18,21.4,1.703,42.940,11,5,4
75.034,61.555,500.050,0.790,1.825,100.6,35.3,21.6,0.774,4.535,13,9,2
96.315,56.518,500.825,0.807,1.883,100.6,35.32,22,1.160,322.112,18,12,6
80.618,55.858,494.280,0.828,1.864,100.6,35.34,22,2.027,37.381,7,3,4
84.793,54.400,494.362,0.827,1.862,100.6,35.3,22,1.139,3.080,13,6,7
96.457,52.598,493.110,0.834,1.872,100.6,35.22,22.4,2.248,39.727,23,7,16
84.247,61.592,497.853,0.808,1.892,100.6,35.28,22.8,1.660,44.472,24,7,16
105.653,51.830,499.078,0.804,1.914,100.6,35,23,1.554,346.329,15,4,9
91.348,61.187,487.528,0.787,1.912,100.6,35.4,23,0.959,316.680,7,3,4
88.296,60.632,495.724,0.786,1.914,100.6,35.84,23,0.970,344.100,13,8,4
103.362,65.072,496.753,0.783,1.910,100.6,35.82,23,1.865,35.789,11,7,3
113.184,74.080,504.014,0.760,1.942,100.58,35.74,23,1.717,52.169,21,10,10
100.321,56.363,500.398,0.767,1.920,100.5,35.5,23.2,2.287,73.070,16,10,5
89.413,63.638,502.528,0.734,1.944,100.5,35.56,23.4,1.046,33.918,15,11,4
108.914,66.620,520.387,0.732,1.962,100.5,35.56,23.4,0.497,29.308,13,8,5
120.249,57.763,495.846,0.730,2.050,100.5,35.9,23,0.246,236.339,10,6,4
128.140,78.852,497.007,0.738,2.023,100.5,35.8,23.4,2.296,80.600,15,12,2
110.963,56.784,502.018,0.732,2.118,100.5,35.48,23.4,1.019,79.442,18,10,8
91.789,62.878,503.060,0.722,1.952,100.5,35.72,23.8,0.565,356.119,15,8,6
84.444,57.054,502.556,0.728,1.962,100.5,36.44,23,0.863,70.042,18,10,6
103.184,50.087,504.057,0.710,1.952,100.5,36.08,23,0.666,177.365,6,2,4
94.514,73.008,510.178,0.714,2.004,100.5,36.02,23.4,0.517,122.315,16,7,9
106.581,69.423,501.427,0.720,2.017,100.5,36.26,23,0.655,6.202,8,6,2
104.271,65.662,504.142,0.722,1.948,100.5,36.44,23,0.699,352.216,15,8,7
105.213,70.095,512.097,0.688,1.950,100.5,36.3,23,1.090,310.972,14,8,6
82.111,61.086,504.392,0.712,2.046,100.5,36.54,22.8,0.721,343.590,20,12,7
101.044,73.308,506.898,0.707,2.112,100.5,36.32,23.4,0.216,112.810,19,10,7
105.753,82.242,503.108,0.740,2.212,100.5,36.14,24.2,0.999,95.352,14,5,8
97.254,71.334,503.104,0.728,2.052,100.5,35.48,24,1.774,69.973,8,3,5
82.060,69.583,504.158,0.728,2.037,100.5,35.56,24,2.429,62.983,19,11,7
96.285,68.966,505.614,0.722,2.042,100.5,35.66,24,2.257,54.170,19,9,10
102.862,66.663,503.923,0.727,2.095,100.5,35.66,23.6,2.026,69.665,17,8,9
98.255,63.590,501.208,0.728,1.936,100.5,35.5,23.4,1.238,38.648,12,5,6
95.176,72.102,502.345,0.735,2.092,100.5,36.06,23,1.307,70.857,19,7,8
89.298,68.798,502.632,0.730,1.936,100.5,35.8,23,2.414,80.695,19,12,7
103.348,60.953,500.528,0.732,1.940,100.5,35.56,23.4,1.323,71.148,27,17,10
92.958,54.378,503.508,0.728,1.940,100.5,35.46,23.2,1.644,48.202,13,6,6
89.755,64.225,502.235,0.728,1.932,100.5,35.3,23.6,1.222,72.172,21,7,12
98.376,72.454,501.186,0.738,2.026,100.5,35.16,23.8,0.785,80.459,18,7,9
79.697,64.817,501.180,0.738,1.912,100.5,35.2,23,1.864,57.809,11,6,4
87.249,60.938,500.942,0.752,1.890,100.5,35.08,23,1.260,45.000,19,12,5
88.111,71.785,501.853,0.753,1.893,100.5,34.86,23,2.180,45.000,13,6,6
80.691,69.404,500.606,0.770,1.876,100.5,34.82,22.8,1.491,55.051,14,8,5
90.613,50.208,499.293,0.757,1.887,100.5,34.92,23,1.458,61.472,15,6,9
88.465,48.906,498.318,0.758,1.878,100.5,34.74,23.2,1.207,41.365,17,10,6
90.341,65.378,502.233,0.730,1.978,100.5,35.02,23,1.240,51.737,16,8,7
79.749,70.726,500.546,0.730,1.900,100.5,35,23.2,2.092,72.326,16,9,7
86.899,58.950,499.875,0.730,1.900,100.5,34.3,24,1.760,90.000,15,5,10
100.853,59.556,499.390,0.742,1.894,100.5,34,24.2,1.648,79.564,20,9,10
83.763,70.972,495.738,0.758,1.880,100.5,33.88,24,1.845,76.811,18,9,7
72.622,50.458,497.526,0.754,1.884,100.5,33.86,24,1.880,67.500,20,8,10
78.617,57.850,496.565,0.758,1.877,100.5,33.88,24,2.156,86.133,18,5,12
74.205,75.984,500.374,0.750,1.858,100.5,33.76,24,2.080,76.815,24,11,11
69.655,51.997,495.015,0.767,1.860,100.5,33.64,24,2.297,86.561,19,11,7
65.009,63.270,492.336,0.778,1.836,100.5,33.6,23.2,2.119,78.117,14,6,7
62.806,65.507,490.090,0.792,1.818,100.5,33.58,23,1.740,67.500,16,7,8
65.590,64.384,489.924,0.790,1.816,100.5,33.42,23,1.618,72.386,25,7,17
62.312,60.870,490.250,0.792,1.815,100.5,33.3,23,2.240,67.500,21,7,13
62.566,59.700,490.576,0.780,1.822,100.5,33.3,23,2.316,86.400,22,8,12
66.976,68.425,490.222,0.773,1.830,100.5,33.24,23.6,1.579,72.507,23,8,14
57.324,67.966,490.950,0.768,1.848,100.5,33.06,24,1.925,81.771,21,6,13
70.874,70.583,494.623,0.730,1.848,100.5,32.86,24.2,1.413,76.535,25,8,16
71.139,62.986,493.940,0.720,1.856,100.5,32.74,25,1.198,76.323,15,5,10
85.084,71.865,496.493,0.697,1.875,100.5,32.66,25,1.544,86.591,19,12,6
68.718,56.296,496.012,0.684,1.872,100.5,32.54,25,1.561,85.783,33,14,16
76.744,64.965,496.637,0.668,1.877,100.5,32.38,26,1.522,85.964,15,5,9
75.780,64.402,497.556,0.658,1.880,100.5,32.18,26,1.433,80.779,12,4,8
74.905,51.720,497.817,0.680,1.890,100.5,31.94,26.2,1.300,90.000,17,9,8
79.308,67.414,497.628,0.708,1.894,100.5,31.78,27,1.700,90.000,13,9,4
83.892,63.480,497.575,0.718,1.905,100.5,31.5,27.4,1.220,90.000,21,11,9
92.844,61.890,492.842,0.720,2.050,100.5,31.2,28,0.876,88.498,20,7,13
93.977,62.770,483.742,0.715,2.497,100.5,30.94,29,0.237,84.430,16,7,8
105.925,59.572,461.988,0.722,2.444,100.5,30.58,29.8,0.234,71.244,18,6,11
107.596,66.998,458.325,0.720,2.418,100.58,30.28,30,0.134,54.839,17,3,14
103.413,66.164,486.128,0.710,2.404,100.6,30.2,30.2,0.197,74.201,15,12,3
97.036,63.747,496.775,0.680,2.417,100.6,30.14,30.8,0.373,76.951,15,3,12
105.851,60.306,498.344,0.670,2.444,100.6,29.94,31,0.471,76.851,12,7,5
115.467,62.183,498.637,0.673,2.458,100.6,29.66,31.2,0.632,72.366,17,4,12
115.275,63.810,502.102,0.668,2.470,100.6,29.14,32,0.726,76.595,14,8,6
108.402,70.643,506.197,0.677,2.342,100.6,28.54,33,0.351,69.998,15,7,8
124.672,50.592,504.320,0.666,2.306,100.6,28.4,33.2,0.680,90.000,14,6,8
96.005,69.793,498.382,0.692,2.445,100.6,28.5,32.8,1.680,90.000,16,11,5
102.007,78.246,496.700,0.702,2.434,100.6,29.2,32,0.758,76.206,12,7,5
103.009,79.423,496.037,0.695,2.367,100.64,29.4,32,0.863,77.714,17,11,5
122.874,77.570,495.702,0.708,2.334,100.7,29.28,32,1.028,85.729,14,9,5
109.438,75.843,496.413,0.702,2.255,100.7,29.08,33,0.962,76.658,15,9,6
118.494,83.542,495.738,0.708,2.148,100.7,28.88,33.4,0.549,71.494,22,12,9
116.584,77.468,496.603,0.710,2.140,100.7,28.8,34,0.295,52.457,16,5,10
110.571,86.228,492.670,0.712,2.234,100.7,28.66,34,0.594,63.804,8,5,2
110.175,85.127,490.772,0.727,2.117,100.7,28.6,34,0.234,28.143,6,3,3
114.996,78.866,492.978,0.728,2.128,100.7,28.54,34,0.471,59.097,12,10,2
117.317,80.522,492.730,0.730,2.132,100.7,28.28,34.8,0.205,45.326,14,8,6
117.181,80.552,492.018,0.728,2.132,100.7,28.1,35,0.300,46.460,14,7,6
122.569,81.722,492.042,0.735,2.137,100.7,27.92,35.2,0.309,43.583,14,8,5
113.463,81.494,490.122,0.742,2.126,100.7,27.74,35.8,0.350,41.240,10,3,7
128.098,83.990,489.665,0.752,2.132,100.7,27.66,36,0.580,78.926,7,5,2
118.303,85.500,486.782,0.754,2.114,100.8,27.48,35.8,0.457,65.581,12,7,4
119.336,80.895,485.012,0.757,2.193,100.8,27.46,35,0.558,63.571,7,5,2
113.958,87.302,484.488,0.770,2.258,100.8,27.42,35,0.225,53.274,6,5,1
101.227,91.258,479.105,0.790,2.340,100.8,27.4,35,0.274,45.000,10,5,5
28.066,14.292,485.192,0.826,1.870,101.1,30.02,30.6,0.570,152.221,13,7,5
22.369,12.768,483.120,0.833,1.815,101.1,29.48,30,1.181,167.581,12,6,6
25.786,15.011,485.714,0.780,1.844,101.06,29.5,30.6,0.830,153.270,17,8,9
25.993,12.383,479.435,0.843,1.842,101,29.8,30.6,0.507,130.933,14,8,5
22.963,14.234,480.704,0.846,1.826,101,30.48,29.6,0.826,164.417,22,13,8
21.288,12.912,483.342,0.817,1.803,101,30.38,28.6,0.752,157.956,21,12,9
18.178,10.720,477.758,0.864,1.776,101.04,30.86,28.2,0.500,90.000,16,11,4
21.977,13.239,480.388,0.852,1.798,101,31.7,26.6,0.821,162.730,14,7,7
20.128,11.963,483.086,0.848,1.768,101,31.42,26.4,0.389,146.113,17,9,8
32.871,11.779,483.570,0.843,1.778,101,31.88,26.2,0.348,105.304,23,16,6
14.246,11.985,485.528,0.812,1.754,101.04,31.84,25.6,0.652,137.377,21,13,8
17.412,12.034,482.743,0.822,1.770,101.08,32,26,0.593,69.156,13,10,3
13.485,12.167,482.802,0.816,1.770,101.04,32.26,25.4,0.574,96.363,14,8,6
19.831,12.005,480.700,0.843,1.797,101,32.94,24.8,0.505,98.642,20,14,6
20.435,13.318,482.898,0.840,1.806,101.02,32.6,25,1.276,77.172,17,9,7
17.938,10.772,480.830,0.838,1.770,101,31.78,25.2,1.121,76.029,18,10,6
10.136,10.577,484.608,0.802,1.752,101,31.92,25,0.272,108.789,21,9,11
13.532,10.913,487.478,0.807,1.775,101,32.1,24.6,1.662,86.585,24,14,10
12.409,12.632,485.854,0.810,1.768,101,31.66,26,0.800,122.381,20,8,12
10.316,10.845,487.023,0.807,1.738,101,31.52,25,0.730,130.225,8,4,4
12.083,11.315,486.846,0.800,1.794,101,31.74,25.8,0.800,111.535,13,9,3
13.544,12.110,487.932,0.808,1.763,101,32.36,25.2,0.407,131.867,18,10,5
8.772,10.862,484.922,0.812,1.748,101,32.26,24.6,0.326,140.385,10,6,3
14.894,12.384,484.255,0.792,1.802,101,32.2,25.6,0.468,62.808,22,10,10
16.916,11.947,480.272,0.850,1.792,101,32.16,25.8,0.409,91.400,9,3,4
18.625,11.535,480.322,0.847,1.813,101,31.88,25.8,0.345,45.963,18,10,6
21.333,11.630,484.844,0.802,1.810,101,32.12,25.8,0.321,84.415,15,10,5
15.477,11.352,481.748,0.830,1.775,101,31.92,25.4,0.424,107.119,17,10,6
22.796,12.593,475.106,0.836,1.816,101,31.92,26,0.701,83.756,16,4,9
18.653,12.837,480.535,0.828,1.810,101,31.44,26.8,0.605,79.234,18,12,4
16.147,12.784,482.968,0.826,1.822,101,31.4,27,0.484,77.033,15,7,8
21.224,11.805,482.595,0.817,1.780,101,31.76,25.8,0.641,145.281,15,11,4
14.016,11.497,482.678,0.828,1.784,101,31.76,26.2,0.320,149.724,12,8,4
15.112,11.878,483.478,0.818,1.787,101,31.72,26.2,0.794,149.680,20,9,10
10.490,11.449,483.500,0.836,1.750,101,31.3,25.6,1.940,180.000,9,4,5
11.913,10.839,485.213,0.813,1.740,101,30.9,25.8,1.567,177.200,9,6,3
12.409,11.899,487.248,0.792,1.738,101,30.9,25.6,1.642,184.010,12,8,3
13.394,12.090,487.380,0.810,1.738,101,30.92,25.2,1.880,180.000,17,11,5
9.179,11.025,482.984,0.832,1.728,101,30.92,25,1.680,180.000,10,8,1
11.064,11.441,485.648,0.815,1.737,101,30.96,25.2,0.781,169.958,17,12,4
11.693,11.111,484.290,0.832,1.758,101,31.4,25.4,0.621,171.613,9,6,2
11.401,11.839,486.947,0.778,1.752,101,31.32,25.6,1.295,169.441,15,9,6
14.098,11.185,484.252,0.832,1.722,101,31.22,24.8,1.234,159.408,14,13,1
8.585,11.823,481.913,0.845,1.717,101,31.04,25,1.005,157.303,11,8,3
16.706,12.115,479.388,0.854,1.786,101,31.06,25.6,0.237,141.938,13,8,2
12.971,11.170,481.862,0.848,1.743,101,31.38,25.4,0.670,165.179,13,5,7
10.940,12.029,483.468,0.840,1.724,101,31.4,24.8,0.790,161.423,18,12,6
12.022,11.566,482.603,0.840,1.718,101,31.34,24.6,1.232,159.636,14,9,5
9.230,11.131,482.522,0.828,1.732,101,31.38,25.2,0.554,140.252,11,9,1
10.705,11.446,482.740,0.840,1.727,101,31.8,24.2,1.224,175.338,10,8,1
10.964,11.259,481.310,0.822,1.734,101,31.66,24.6,0.452,160.570,39,7,30
27.712,11.222,486.652,0.828,1.752,101,32.18,24.8,0.756,158.619,41,6,29
12.249,11.372,487.012,0.828,1.740,101,32.1,24,1.065,165.761,15,8,6
15.502,11.507,478.623,0.850,1.782,101,32,24.8,0.466,78.611,9,6,2
13.167,13.386,478.374,0.830,1.766,101,31.88,25,0.652,142.013,14,7,7
8.342,11.347,480.745,0.858,1.725,101,31.82,24.4,0.659,169.825,14,4,8
8.282,10.488,481.982,0.842,1.712,101,31.38,24.4,1.980,180.000,10,3,6
11.804,11.035,485.635,0.815,1.730,100.98,31.1,25,1.769,181.983,18,11,7
12.647,10.803,483.024,0.840,1.762,100.92,31.24,25.6,0.749,132.374,13,10,3
19.418,12.290,478.893,0.848,1.760,100.9,31.5,25.6,0.791,140.676,18,8,8
18.284,12.197,479.034,0.852,1.818,100.9,31.9,25.6,0.374,133.106,26,6,19
13.982,10.629,491.412,0.755,1.735,100.9,31.66,24.6,0.670,142.621,16,10,6
17.533,11.692,491.524,0.848,1.758,100.9,31.66,25.8,0.308,147.030,15,9,6
11.732,10.774,481.467,0.845,1.765,100.9,31.74,26,0.442,114.723,8,2,6
10.705,11.775,480.840,0.856,1.736,100.9,31.48,25.4,0.409,145.530,9,7,2
10.583,12.524,479.845,0.842,1.758,100.9,31.56,25.8,0.298,102.871,8,5,2
5.895,10.732,480.892,0.868,1.738,100.94,31.34,25.4,0.816,170.371,10,3,7
10.291,10.864,476.247,0.877,1.737,100.94,31.12,25.6,0.345,102.936,15,5,7
12.600,11.091,480.246,0.860,1.742,100.94,30.94,26,0.513,147.682,23,12,10
24.353,11.442,484.693,0.842,1.732,100.98,30.82,25.2,0.990,176.453,21,10,8
15.123,11.301,483.798,0.802,1.710,100.96,30.72,25,1.228,174.441,17,10,7
22.077,12.719,477.050,0.837,1.797,100.98,30.7,26.8,0.188,49.659,9,8,1
16.652,11.166,476.874,0.874,1.804,100.98,30.6,27.2,0.238,29.331,15,8,6
7.128,10.646,477.737,0.875,1.720,100.96,30.54,25.6,0.601,162.954,11,5,6
13.895,11.110,480.264,0.872,1.772,100.9,30.44,26.8,0.565,128.593,20,15,4
13.358,10.680,479.986,0.862,1.760,100.98,30.46,26.2,0.845,164.821,16,10,5
14.087,12.124,485.355,0.778,1.743,100.96,30.4,26.2,1.046,159.597,20,13,6
13.131,11.680,479.528,0.834,1.746,101,30.48,26.8,0.072,146.190,14,11,2
12.638,10.895,476.478,0.867,1.767,101,30.52,27,0.204,65.628,16,6,9
11.490,10.597,476.420,0.882,1.728,100.96,30.32,26,0.241,109.166,15,8,7
11.678,10.761,475.357,0.878,1.742,100.9,30.16,26.2,0.143,69.236,22,8,11
9.974,11.018,477.416,0.878,1.724,100.9,30.06,26.4,0.084,131.895,13,8,4
17.245,11.894,474.085,0.883,1.777,100.9,29.78,27.4,0.080,45.000,17,10,6
14.567,11.783,472.094,0.890,1.794,100.9,29.58,28,0.107,41.515,11,5,6
22.185,12.430,472.780,0.883,1.808,100.9,29.4,28.6,0.040,337.500,21,5,14
22.430,11.843,476.524,0.860,1.802,100.9,29.4,29,0.072,123.690,18,12,5
16.881,11.116,480.433,0.835,1.783,100.9,29.3,28.2,0.082,83.169,20,11,9
17.477,11.760,482.190,0.812,1.798,100.9,29.3,28,0.330,148.597,20,8,10
22.557,12.599,480.032,0.830,1.828,100.9,29.32,28.8,0.037,22.500,13,5,6
19.152,12.893,477.754,0.846,1.806,100.9,29.34,29,0.045,85.935,13,7,6
16.911,12.395,481.537,0.823,1.785,100.9,29.34,29.2,0.057,22.500,17,6,11
17.222,11.183,481.010,0.846,1.784,100.9,29.4,28.6,0.247,143.436,17,10,6
24.412,11.414,481.647,0.852,1.837,100.9,29.4,29.2,0.112,79.248,18,9,7
17.670,10.557,481.640,0.850,1.808,100.9,29.48,29.2,0.078,33.750,24,17,7
24.004,12.597,479.025,0.860,1.843,100.92,29.52,29.6,0.051,336.194,14,9,5
24.143,11.214,472.620,0.860,1.844,100.96,29.68,29.6,0.020,45.000,17,14,3
24.480,11.596,475.405,0.860,1.850,101,29.62,30,0.020,45.000,20,6,14
25.006,13.545,477.126,0.862,1.852,101,29.64,30,0.000,0.000,16,12,3
23.397,11.569,476.628,0.865,1.845,101,29.42,29.4,0.056,14.639,21,5,15
23.265,11.885,476.862,0.866,1.846,101,29.12,30,0.059,37.543,19,14,5
25.794,11.564,473.528,0.857,1.832,101,28.88,30.6,0.000,0.000,22,12,8
22.727,13.210,478.838,0.854,1.850,101,28.66,31.2,0.089,35.876,17,13,2
21.694,12.639,482.573,0.843,1.838,100.96,28.48,31,0.130,19.114,27,12,12
19.571,11.970,483.438,0.844,1.826,100.96,28.32,31.6,0.135,61.482,20,9,9
22.638,13.202,485.868,0.848,1.833,100.94,28.14,32,0.076,50.794,26,13,12
21.937,12.477,484.816,0.806,1.834,100.92,28.02,32,0.075,34.201,20,9,10
22.982,12.487,487.275,0.828,1.850,100.9,27.96,32,0.262,64.153,17,8,7
41.566,12.323,481.170,0.836,1.844,100.9,27.82,32.8,0.189,65.185,15,8,7
23.802,11.592,484.712,0.838,1.848,101,27.7,33,0.095,31.758,24,14,7
23.930,12.961,484.168,0.838,1.858,101,27.7,33,0.000,0.000,29,10,15
26.990,11.199,485.550,0.837,1.865,101,27.62,33.2,0.095,54.258,21,6,15
37.758,13.163,483.394,0.838,1.864,101,27.54,33.8,0.098,53.972,17,7,10
28.802,13.061,484.393,0.822,1.868,101,27.42,34,0.248,71.035,21,12,7
27.562,12.462,485.798,0.826,1.872,101,27.28,34.2,0.138,61.123,14,7,6
23.838,13.712,485.777,0.822,1.867,101,27.2,34.4,0.020,22.500,20,8,11
23.332,12.943,485.988,0.818,1.860,101,27.14,35,0.086,31.156,18,9,8
30.266,13.317,485.053,0.828,1.868,101,26.98,35,0.039,56.250,26,16,10
26.296,12.485,485.344,0.830,1.880,101,26.78,36,0.078,56.250,14,11,3
30.916,14.017,485.115,0.810,1.885,101,26.62,36,0.151,44.558,18,10,7
27.476,13.810,487.428,0.772,1.880,101,26.5,36,0.292,82.698,16,9,7
27.602,12.416,492.408,0.752,1.883,101,26.4,36,0.079,28.070,17,8,9
27.598,12.240,493.984,0.746,1.880,101,26.28,36,0.099,18.056,14,8,6
26.998,12.474,489.668,0.780,1.862,101,26.18,36.4,0.039,33.750,12,10,2
29.909,14.474,487.674,0.812,1.858,101,26.06,36.6,0.020,0.000,17,9,7
25.577,11.493,482.543,0.830,1.843,101,26.1,36.4,0.040,67.500,15,7,8
27.536,11.851,482.452,0.818,1.850,101,26.14,36.8,0.020,67.500,13,8,4
29.324,12.784,485.332,0.838,1.867,101,26.02,37,0.040,45.000,11,6,5
32.662,12.415,487.704,0.846,1.876,101,25.74,38,0.170,64.912,13,4,9
30.741,13.043,486.467,0.848,1.885,101,25.54,39,0.095,31.043,17,12,5
33.699,13.135,486.262,0.838,1.890,101,25.5,39,0.100,45.000,15,6,9
32.165,13.528,482.192,0.850,1.875,101,25.56,38.4,0.154,53.569,6,4,2
28.729,12.228,482.736,0.848,1.882,101,25.52,38.8,0.289,69.015,16,7,9
31.849,12.803,479.192,0.850,1.872,101,25.5,38.66667,0.262,56.250,19,8,11
232.539,80.862,473.782,0.774,2.305,101.1,23.46,69.2,1.820,90.000,16,4,11
220.167,72.748,471.340,0.748,2.301,101.1,23.64,69.6,0.260,88.925,19,9,9
239.248,79.480,472.326,0.752,2.309,101.1,24.2,67.4,0.628,78.750,15,8,7
247.132,84.928,472.100,0.750,2.311,101.1,24.24,67,0.824,82.026,19,15,2
235.668,78.922,475.798,0.746,2.300,101.1,23.98,67.4,1.720,90.000,12,9,3
226.476,85.052,477.032,0.737,2.305,101.1,24,67.8,0.855,80.439,16,7,8
218.632,104.136,478.238,0.734,2.293,101.1,24.06,67.4,0.726,80.290,12,10,1
203.678,87.907,485.963,0.688,2.295,101.1,24.48,66.2,0.184,83.634,20,8,11
204.241,96.120,485.830,0.666,2.289,101.1,24.7,64.8,0.561,158.400,20,6,14
217.657,80.275,484.268,0.680,2.298,101.1,24.7,65,0.173,85.477,15,9,5
224.082,70.850,487.108,0.684,2.296,101.1,24.86,64.4,0.194,92.006,13,6,7
244.194,115.780,483.648,0.693,2.293,101.1,25.18,63.8,0.291,58.177,19,8,10
227.310,113.356,487.116,0.706,2.286,101.1,25.1,63.2,0.442,114.249,17,13,4
250.393,142.910,485.050,0.690,2.305,101.1,25.04,64,0.279,60.235,21,12,7
267.200,96.794,484.500,0.692,2.300,101.1,25.36,62.6,0.294,120.372,14,12,2
252.606,97.867,481.470,0.695,2.317,101.1,25,63.4,0.455,73.437,14,8,6
267.756,71.854,486.244,0.662,2.316,101.1,24.94,64.4,0.368,64.752,19,9,8
258.794,72.398,484.048,0.678,2.310,101.1,24.86,63.8,0.406,83.077,14,7,6
237.759,102.886,490.162,0.650,2.302,101.1,25.08,63.2,0.277,151.036,15,5,10
253.458,81.920,485.713,0.658,2.307,101.1,25.16,63,1.053,92.083,16,10,6
249.850,95.278,485.894,0.668,2.313,101.1,25.06,63.6,0.232,65.313,20,10,9
256.931,87.983,484.068,0.675,2.311,101.1,25.7,61.8,0.371,109.645,14,8,3
250.415,110.918,487.644,0.656,2.305,101.1,25.8,60.8,0.496,110.194,15,8,5
235.364,130.702,486.670,0.662,2.302,101.1,25.6,61,0.656,158.837,15,8,7
241.789,74.023,487.463,0.662,2.313,101.1,25.64,61,0.297,68.078,23,11,12
252.564,84.248,484.406,0.672,2.305,101.08,26.58,58.6,0.149,60.367,9,5,4
243.500,81.397,488.765,0.640,2.301,101.1,26.88,57,0.383,130.773,14,9,4
245.594,82.488,487.670,0.670,2.287,101.1,26.48,57.2,0.420,166.042,17,9,8
238.515,89.267,491.362,0.632,2.304,101.1,26.42,58.2,0.406,122.000,16,12,3
240.774,88.722,489.860,0.634,2.295,101.08,26.68,57.2,0.290,160.186,9,6,3
236.214,72.540,490.857,0.640,2.295,101.02,26.52,57.4,0.684,153.943,17,9,6
246.461,84.814,492.934,0.634,2.280,101,26.56,57.6,0.574,168.062,16,14,2
253.366,76.245,496.017,0.605,2.298,101,26.36,57.6,0.797,162.546,18,9,9
262.070,83.410,491.284,0.644,2.307,101,26.36,58,0.778,208.145,11,8,3
252.911,70.880,493.163,0.632,2.286,101,25.88,58.8,0.800,157.500,17,13,3
220.936,93.072,488.726,0.664,2.282,101,25.96,58.2,0.230,149.590,6,3,3
240.330,121.380,496.007,0.623,2.275,101,26.22,57,1.396,187.244,19,6,13
249.635,85.182,492.654,0.622,2.280,101,25.9,58.6,0.671,168.250,10,4,5
264.034,89.767,502.300,0.547,2.299,101,26.24,58.2,1.429,191.358,7,3,4
259.003,79.946,499.420,0.610,2.300,101,25.88,59.2,1.653,186.647,6,5,1
264.393,74.210,495.337,0.613,2.308,101,25.86,59.8,0.489,169.683,17,10,7
254.724,96.054,497.858,0.584,2.298,101,25.66,59.8,1.138,186.862,17,9,6
248.422,100.275,500.420,0.587,2.295,101,25.66,59.8,0.988,182.665,13,8,4
252.412,77.488,499.764,0.592,2.304,101,25.86,60,0.680,178.315,18,10,6
244.136,95.840,500.968,0.583,2.311,101,25.84,60.2,0.612,172.638,19,8,9
252.944,85.030,498.546,0.590,2.311,101,25.74,60.6,0.430,169.906,23,8,13
252.128,99.905,496.498,0.598,2.301,101,25.64,60.2,0.605,161.195,11,5,4
254.979,93.436,495.958,0.608,2.336,101,25.46,61.2,0.720,188.161,18,12,5
258.449,96.825,495.350,0.617,2.333,101,25.64,61.6,0.100,202.500,26,11,13
244.840,73.820,499.186,0.608,2.298,101,25.8,60,0.435,156.570,14,10,3
247.081,89.242,499.025,0.600,2.307,101,25.78,60.2,0.425,159.255,13,5,7
252.667,81.972,496.788,0.610,2.300,101,25.64,60.2,0.647,145.905,10,6,3
225.477,89.272,498.267,0.607,2.310,101,25.5,61.4,0.766,178.942,12,5,7
246.882,80.006,504.004,0.572,2.318,101,25.72,61.8,0.221,148.998,16,9,7
247.844,80.373,496.515,0.613,2.308,101,25.98,60,0.380,147.787,14,6,8
241.122,87.470,498.384,0.604,2.298,101,25.86,59.8,0.149,149.352,21,7,13
225.429,95.180,503.185,0.555,2.311,101,26.06,60,0.337,166.858,19,11,8
243.745,79.996,503.546,0.438,2.298,101,26.3,57.8,0.396,183.323,14,10,4
216.473,87.050,501.733,0.482,2.311,101,26.72,57.8,0.189,98.642,16,7,9
242.460,70.854,496.368,0.586,2.325,101,26.68,57.8,0.457,126.752,26,9,16
244.207,90.847,500.070,0.588,2.330,101,26.54,57.6,0.586,177.055,12,6,5
238.858,89.252,499.420,0.596,2.304,101,26.22,58.4,0.444,152.163,13,6,6
230.815,86.355,500.043,0.600,2.298,101,26.06,58.2,0.808,185.433,13,5,8
235.750,81.534,508.812,0.548,2.289,101,25.9,58.6,1.491,189.751,16,10,5
240.650,86.947,503.472,0.580,2.292,101,25.8,58.8,0.888,184.944,16,7,9
238.010,86.576,499.332,0.598,2.305,101,25.98,58.8,0.454,184.488,16,7,9
241.245,96.980,503.475,0.598,2.313,101,26.12,58,0.656,171.800,16,12,3
255.224,106.858,497.358,0.604,2.327,101,26.48,57.4,0.605,56.676,12,5,7
248.956,88.205,504.738,0.577,2.289,101,26.3,57.2,0.480,170.959,17,7,9
231.645,78.262,503.048,0.592,2.291,101,26.12,57.8,0.546,164.935,16,8,7
242.184,94.168,508.490,0.535,2.292,101,26,57.8,0.385,171.043,20,11,9
236.648,83.342,499.978,0.562,2.307,101,25.98,58,0.226,162.533,19,9,10
251.165,91.913,494.935,0.582,2.332,101,26.28,58.4,0.040,45.000,15,14,1
260.782,86.456,495.538,0.604,2.313,101,26.28,57.2,0.130,87.133,17,7,8
237.454,92.725,498.248,0.600,2.304,101,26.46,57,0.089,58.376,14,6,7
233.109,95.532,498.794,0.600,2.282,101,26.34,57,0.152,50.794,16,11,5
242.254,89.592,495.818,0.597,2.299,101,26.22,57,0.067,167.881,17,9,7
248.636,81.740,502.660,0.556,2.307,101,26.18,57.4,0.169,133.233,7,4,3
256.876,75.077,498.147,0.570,2.315,101,26.04,58,0.076,28.294,18,9,9
241.417,74.240,505.018,0.580,2.304,101,26.1,57.6,0.146,116.808,15,12,2
259.658,90.523,501.607,0.573,2.324,101,25.98,59.2,0.020,0.000,17,6,11
227.732,70.056,506.016,0.556,2.307,101,26.1,58.6,0.056,37.139,18,11,6
242.499,74.420,503.283,0.583,2.308,101,26.02,58.4,0.112,52.861,17,9,6
242.589,72.972,500.096,0.584,2.320,100.98,26.14,58,0.078,56.250,13,3,8
232.257,76.638,506.913,0.578,2.281,101,26.02,58,0.234,128.421,20,10,9
217.130,70.650,505.622,0.592,2.279,101,25.94,57.8,0.344,175.649,17,10,5
240.485,78.663,499.655,0.617,2.308,101,26,58,0.098,58.528,16,10,5
228.897,78.774,503.234,0.586,2.286,101,26.02,57.6,0.241,161.849,17,9,8
226.913,73.570,505.335,0.582,2.283,100.96,25.96,58,0.020,45.000,26,8,15
233.239,86.242,505.912,0.572,2.279,100.9,26.02,57.8,0.319,146.991,25,10,13
220.792,81.692,504.687,0.563,2.292,101,26.04,58,0.055,93.151,18,8,7
233.717,76.570,505.270,0.570,2.287,100.96,26.06,58,0.619,162.571,21,7,13
217.396,81.223,501.808,0.598,2.281,101,25.9,58,0.321,162.232,15,5,10
226.521,77.588,504.694,0.592,2.282,100.96,25.84,58.4,0.160,135.408,21,9,11
225.184,85.768,502.480,0.598,2.287,100.96,25.88,58.4,0.057,135.000,33,13,18
223.825,71.804,502.888,0.576,2.271,100.9,25.96,57.6,0.355,148.314,21,6,13
217.811,85.583,499.090,0.612,2.263,100.9,26.08,57,0.313,126.996,16,9,5
213.018,80.598,497.572,0.616,2.263,100.9,25.98,57,0.328,119.611,21,7,12
210.526,79.202,500.083,0.590,2.271,100.94,25.8,58,0.156,137.135,22,9,13
212.477,80.930,502.714,0.602,2.268,100.98,25.68,58,0.487,157.226,20,13,6
214.800,86.538,504.367,0.530,2.253,101,25.54,58,0.314,132.749,26,14,10
241.042,114.710,505.926,0.548,2.248,101,25.42,58.6,0.203,150.118,27,13,14
214.797,75.132,506.095,0.527,2.266,101,25.38,59,0.364,147.145,25,12,12
219.401,76.410,504.058,0.590,2.261,101,25.28,59,0.200,131.616,22,18,3
224.867,87.760,500.973,0.607,2.257,101,25.14,59.4,0.020,67.500,20,11,9
221.710,78.948,502.122,0.618,2.263,101,24.94,60,0.020,22.500,16,9,7
206.583,96.320,504.383,0.613,2.275,101,24.8,60,0.083,68.991,21,10,11
214.990,90.284,501.004,0.590,2.257,101,24.8,60,0.069,123.571,15,6,8
224.168,79.002,503.148,0.603,2.259,101,24.78,60.8,0.000,0.000,10,6,4
220.273,103.972,503.910,0.568,2.263,101,24.7,61,0.100,143.130,23,13,9
222.217,77.800,506.130,0.547,2.269,101,24.78,61,0.530,173.023,10,5,5
227.664,78.754,505.232,0.564,2.261,101,24.78,61,0.396,168.170,14,4,9
219.850,110.728,507.950,0.530,2.268,101,24.8,61,0.825,171.462,15,7,7
228.906,82.316,503.222,0.578,2.264,101,24.64,61,1.108,176.437,11,6,5
214.793,82.903,502.505,0.570,2.266,101,24.5,61.6,1.244,175.413,19,7,11
231.857,72.612,494.196,0.626,2.248,101,24.18,62,1.533,168.433,16,9,6
222.949,58.268,486.042,0.675,2.208,101.02,23.6,62.2,1.034,156.385,22,9,12
206.676,82.268,487.592,0.706,2.166,101.1,23.28,63,0.980,147.178,16,9,7
223.497,100.030,478.163,0.725,2.182,101.1,23,63.2,0.948,162.131,18,8,9
231.688,127.338,478.750,0.734,2.175,101.1,22.84,64,1.207,161.135,11,4,7
202.406,87.573,475.657,0.720,2.167,101.1,22.74,64,0.710,152.556,12,6,5
